group,database,term,term_label,overlap,set_size,n_group_genes,gene_ratio,bg_ratio,fold_enrichment,p_value,q_value,genes,significant
C5_core,KEGG,KEGG_FATTY_ACID_METABOLISM,Fatty acid metabolism,18,40,742,0.0243,0.0027,8.972,1.3204637118996046e-13,1.7166028254694858e-11,"ADH1A, ACAA1, ACADM, ALDH2, ALDH7A1, ECI2, ACAA2, ACOX1, ADH6, ADH7, ADH4, ACSL5, EHHADH, ACADSB, HADH, ACAT1, ACSL1, ADH1B",True
C5_core,KEGG,KEGG_PEROXISOME,Peroxisome,21,76,742,0.0283,0.0051,5.509,8.204637259270079e-11,4.40524471418338e-09,"HAO2, ACAA1, CRAT, AMACR, ACOX2, HAO1, XDH, ACSL5, IDH1, ECI2, PIPOX, ACOX1, PEX5, CAT, EHHADH, EPHX2, PEX11A, SCP2, MLYCD, SLC27A2, ACSL1",True
C5_core,KEGG,KEGG_VALINE_LEUCINE_AND_ISOLEUCINE_DEGRADATION,Valine leucine and isoleucine degradation,16,43,742,0.0216,0.0029,7.419,1.0165949340423187e-10,4.40524471418338e-09,"BCKDHB, ACAA1, ACADM, ALDH2, ALDH7A1, HMGCS2, ACAA2, AOX1, EHHADH, DBT, MCEE, HIBADH, ACADSB, HADH, ACAT1, ABAT",True
C5_core,KEGG,KEGG_TRYPTOPHAN_METABOLISM,Tryptophan metabolism,15,38,742,0.0202,0.0026,7.87,1.4608978493343454e-10,4.747918010336622e-09,"ALDH2, ALDH7A1, ACMSD, AADAT, CYP1A2, CAT, HAAO, KYNU, AOX1, EHHADH, MAOA, MAOB, HADH, ACAT1, AFMID",True
C5_core,KEGG,KEGG_DRUG_METABOLISM_CYTOCHROME_P450,Drug metabolism cytochrome p450,17,55,742,0.0229,0.0037,6.163,7.616003797017197e-10,1.980160987224471e-08,"GSTA1, ADH1A, GSTZ1, UGT2B28, CYP2C8, UGT2B7, CYP1A2, ADH7, GSTA5, MAOB, UGT2A1, ADH4, AOX1, MAOA, ADH6, CYP2E1, ADH1B",True
C5_core,KEGG,KEGG_BETA_ALANINE_METABOLISM,Beta alanine metabolism,10,21,742,0.0135,0.0014,9.494,2.0222626484231728e-08,4.381569071583541e-07,"ACADM, DPYS, ALDH2, ALDH7A1, UPB1, CNDP1, DPYD, MLYCD, EHHADH, ABAT",True
C5_core,KEGG,KEGG_PPAR_SIGNALING_PATHWAY,Ppar signaling pathway,16,61,742,0.0216,0.0041,5.23,3.328360994634452e-08,6.181241847178268e-07,"ACAA1, ACADM, PPARA, ACOX2, SLC27A5, NR1H3, HMGCS2, SCP2, ACOX1, CYP27A1, ACSL5, EHHADH, SLC27A2, PCK2, DBI, ACSL1",True
C5_core,KEGG,KEGG_METABOLISM_OF_XENOBIOTICS_BY_CYTOCHROME_P450,Metabolism of xenobiotics by cytochrome p450,15,54,742,0.0202,0.0037,5.538,3.8521941721158475e-08,6.259815529688252e-07,"GSTA1, ADH1A, AKR1C4, GSTZ1, UGT2B28, CYP2C8, UGT2B7, CYP1A2, ADH7, GSTA5, UGT2A1, ADH4, ADH6, CYP2E1, ADH1B",True
C5_core,KEGG,KEGG_RETINOL_METABOLISM,Retinol metabolism,13,48,742,0.0175,0.0032,5.4,4.32330690050321e-07,6.2447766340601915e-06,"ADH1A, UGT2B28, CYP2C8, UGT2B7, CYP1A2, ADH7, UGT2A1, ADH4, ALDH1A2, DGAT2, ADH6, RDH16, ADH1B",True
C5_core,KEGG,KEGG_PROPANOATE_METABOLISM,Propanoate metabolism,10,30,742,0.0135,0.002,6.646,1.1406098195827704e-06,1.2356606378813345e-05,"ACADM, ALDH2, ALDH7A1, LDHC, ACACB, MLYCD, EHHADH, MCEE, ACAT1, ABAT",True
C5_core,KEGG,KEGG_GLYCINE_SERINE_AND_THREONINE_METABOLISM,Glycine serine and threonine metabolism,10,30,742,0.0135,0.002,6.646,1.1406098195827704e-06,1.2356606378813345e-05,"PIPOX, AGXT2, SHMT1, MAOB, GATM, MAOA, DMGDH, PHGDH, BHMT, SARDH",True
C5_core,KEGG,KEGG_BUTANOATE_METABOLISM,Butanoate metabolism,10,30,742,0.0135,0.002,6.646,1.1406098195827704e-06,1.2356606378813345e-05,"HMGCS2, ALDH2, ALDH7A1, L2HGDH, EHHADH, ACSM5, ACSM3, HADH, ACAT1, ABAT",True
C5_core,KEGG,KEGG_TYROSINE_METABOLISM,Tyrosine metabolism,10,35,742,0.0135,0.0024,5.697,5.5461436183565456e-06,5.539032742844674e-05,"ADH1A, GSTZ1, ADH7, MAOB, ADH4, AOX1, MAOA, ADH6, DCT, ADH1B",True
C5_core,KEGG,KEGG_PRIMARY_BILE_ACID_BIOSYNTHESIS,Primary bile acid biosynthesis,7,16,742,0.0094,0.0011,8.723,5.965112184601957e-06,5.539032742844674e-05,"AKR1D1, AKR1C4, ACOX2, SLC27A5, SCP2, CYP27A1, AMACR",True
C5_core,KEGG,KEGG_GLYCOLYSIS_GLUCONEOGENESIS,Glycolysis gluconeogenesis,11,53,742,0.0148,0.0036,4.138,5.176993079668637e-05,0.00044867273357128185,"ALDOB, ADH1A, ALDH2, ALDH7A1, ADH6, ADH7, LDHC, ADH4, PCK2, PGM1, ADH1B",True
C5_core,KEGG,KEGG_PANTOTHENATE_AND_COA_BIOSYNTHESIS,Pantothenate and coa biosynthesis,6,16,742,0.0081,0.0011,7.477,8.100473428009322e-05,0.0006581634660257574,"DPYS, UPB1, DPYD, ENPP3, PANK1, ENPP1",True
C5_core,KEGG,KEGG_ARGININE_AND_PROLINE_METABOLISM,Arginine and proline metabolism,10,47,742,0.0135,0.0032,4.242,9.059728806479551e-05,0.0006928027910837304,"PRODH2, ALDH2, ALDH7A1, AGMAT, SAT2, GATM, MAOA, NAGS, MAOB, GLUD1",True
C5_core,KEGG,KEGG_STEROID_HORMONE_BIOSYNTHESIS,Steroid hormone biosynthesis,9,42,742,0.0121,0.0028,4.272,0.00019169698143887116,0.0013116109256343816,"SULT1E1, AKR1C4, AKR1D1, UGT2B28, SRD5A1, UGT2B7, UGT2A1, HSD17B6, HSD11B1",True
C5_core,KEGG,KEGG_DRUG_METABOLISM_OTHER_ENZYMES,Drug metabolism other enzymes,9,42,742,0.0121,0.0028,4.272,0.00019169698143887116,0.0013116109256343816,"DPYS, UGT2B28, NAT1, UPB1, UGT2B7, UGT2A1, XDH, DPYD, UCK1",True
C5_core,KEGG,KEGG_STARCH_AND_SUCROSE_METABOLISM,Starch and sucrose metabolism,8,37,742,0.0108,0.0025,4.311,0.0004071611291855536,0.0026465473397060983,"UGT2B28, AGL, UGT2B7, GYS2, UGT2A1, ENPP3, ENPP1, PGM1",True
C5_core,KEGG,KEGG_ASCORBATE_AND_ALDARATE_METABOLISM,Ascorbate and aldarate metabolism,5,17,742,0.0067,0.0011,5.864,0.0011695861533018944,0.007240295234726013,"ALDH2, ALDH7A1, UGT2B28, UGT2B7, UGT2A1",True
C5_core,KEGG,KEGG_LYSINE_DEGRADATION,Lysine degradation,8,44,742,0.0108,0.003,3.625,0.0013711667439082955,0.008102348941276292,"PIPOX, ALDH2, ALDH7A1, AADAT, EHHADH, HADH, ACAT1, BBOX1",True
C5_core,KEGG,KEGG_PENTOSE_AND_GLUCURONATE_INTERCONVERSIONS,Pentose and glucuronate interconversions,5,18,742,0.0067,0.0012,5.538,0.0015531769892593932,0.008778826461031352,"XYLB, UGT2B28, CRYL1, UGT2B7, UGT2A1",True
C5_core,KEGG,KEGG_CYSTEINE_AND_METHIONINE_METABOLISM,Cysteine and methionine metabolism,6,32,742,0.0081,0.0022,3.738,0.004617127847124046,0.025009442505255247,"LDHC, DNMT3L, MAT1A, ADI1, CDO1, BHMT",True
C5_core,KEGG,KEGG_GLYOXYLATE_AND_DICARBOXYLATE_METABOLISM,Glyoxylate and dicarboxylate metabolism,4,15,742,0.0054,0.001,5.317,0.005497483417698305,0.028586913772031184,"HAO2, AFMID, MTHFD1, HAO1",True
C5_core,KEGG,KEGG_GLYCEROLIPID_METABOLISM,Glycerolipid metabolism,7,44,742,0.0094,0.003,3.172,0.00587593872386317,0.029379693619315847,"ALDH2, ALDH7A1, LIPG, PNPLA3, LIPC, DGAT2, GPAM",True
C5_core,KEGG,KEGG_ONE_CARBON_POOL_BY_FOLATE,One carbon pool by folate,4,16,742,0.0054,0.0011,4.985,0.007043026546915126,0.03391086855922097,"MTHFS, MTHFD1, ALDH1L1, SHMT1",True
C5_core,KEGG,KEGG_PYRUVATE_METABOLISM,Pyruvate metabolism,6,37,742,0.0081,0.0025,3.233,0.009583607191334798,0.044495319102625844,"ALDH2, ALDH7A1, LDHC, ACACB, PCK2, ACAT1",True
C5_core,KEGG,KEGG_HISTIDINE_METABOLISM,Histidine metabolism,5,27,742,0.0067,0.0018,3.692,0.010075215635908595,0.04516475974717646,"ALDH2, ALDH7A1, CNDP1, MAOA, MAOB",True
C5_core,KEGG,KEGG_NITROGEN_METABOLISM,Nitrogen metabolism,4,18,742,0.0054,0.0012,4.431,0.010935113828993419,0.04738549325897148,"CA13, GLUD1, CA14, CA1",True
C5_core,KEGG,KEGG_ABC_TRANSPORTERS,Abc transporters,6,41,742,0.0081,0.0028,2.918,0.015660270752213937,0.06567210315444554,"ABCA13, ABCG2, ABCC9, ABCC6, ABCA6, ABCA5",False
C5_core,KEGG,KEGG_COMPLEMENT_AND_COAGULATION_CASCADES,Complement and coagulation cascades,8,66,742,0.0108,0.0045,2.417,0.016963147605435457,0.06891278714708154,"CPB2, F13B, C1S, C6, F11, C8B, F9, KLKB1",False
C5_core,KEGG,KEGG_PORPHYRIN_AND_CHLOROPHYLL_METABOLISM,Porphyrin and chlorophyll metabolism,5,31,742,0.0067,0.0021,3.216,0.017991775390791193,0.07087669093341985,"UGT2B28, CPOX, UGT2B7, UGT2A1, ALAD",False
C5_core,KEGG,KEGG_NICOTINATE_AND_NICOTINAMIDE_METABOLISM,Nicotinate and nicotinamide metabolism,4,22,742,0.0054,0.0015,3.625,0.02231284185393206,0.08531380708856376,"NMRK1, ENPP3, AOX1, ENPP1",False
C5_core,KEGG,KEGG_GLUTATHIONE_METABOLISM,Glutathione metabolism,5,42,742,0.0067,0.0028,2.374,0.05763556704686444,0.21407496331692508,"GSTA1, GSTZ1, GCLC, GSTA5, IDH1",False
C5_core,KEGG,KEGG_NEUROACTIVE_LIGAND_RECEPTOR_INTERACTION,Neuroactive ligand receptor interaction,13,164,742,0.0175,0.0111,1.58,0.06897889387474701,0.2490904501032531,"CHRNA2, ADRA1A, THRB, DRD1, GRIN3A, P2RX3, AVPR1A, GHR, HTR2A, PRLR, TSHR, CHRNA4, RXFP1",False
C5_core,KEGG,KEGG_FRUCTOSE_AND_MANNOSE_METABOLISM,Fructose and mannose metabolism,4,32,742,0.0054,0.0022,2.492,0.07426172002916892,0.2609195568592422,"SORD, ALDOB, PFKFB1, KHK",False
C5_core,KEGG,KEGG_ADIPOCYTOKINE_SIGNALING_PATHWAY,Adipocytokine signaling pathway,6,61,742,0.0081,0.0041,1.961,0.08434612183213376,0.28653690421634204,"PRKAG2, PPARA, ACACB, ACSL5, PCK2, ACSL1",False
C5_core,KEGG,KEGG_PYRIMIDINE_METABOLISM,Pyrimidine metabolism,8,91,742,0.0108,0.0062,1.753,0.0859610712649026,0.28653690421634204,"DPYS, CTPS1, UPB1, ENTPD5, POLR3G, DPYD, UCK1, DHODH",False
C5_core,KEGG,KEGG_PENTOSE_PHOSPHATE_PATHWAY,Pentose phosphate pathway,3,22,742,0.004,0.0015,2.719,0.09536162453724244,0.3099252797460379,"ALDOB, PGM1, DERA",False
C5_core,KEGG,KEGG_SULFUR_METABOLISM,Sulfur metabolism,2,11,742,0.0027,0.0007,3.625,0.10237539960295984,0.32460492557036047,"SULT1E1, SUOX",False
C5_core,KEGG,KEGG_PROTEIN_EXPORT,Protein export,3,23,742,0.004,0.0016,2.601,0.10577077936456675,0.3273857456522304,"SRPRA, SRP54, SEC61A2",False
C5_core,KEGG,KEGG_LINOLEIC_ACID_METABOLISM,Linoleic acid metabolism,3,24,742,0.004,0.0016,2.492,0.11660090980791074,0.3525143784890325,"CYP2C8, CYP2E1, CYP1A2",False
C5_core,KEGG,KEGG_GLYCEROPHOSPHOLIPID_METABOLISM,Glycerophospholipid metabolism,6,71,742,0.0081,0.0048,1.685,0.14497591901456602,0.428337942543036,"ETNK2, ADPRM, GPD1, GPAM, LPCAT3, LCAT",False
C5_core,KEGG,KEGG_RIBOFLAVIN_METABOLISM,Riboflavin metabolism,2,14,742,0.0027,0.0009,2.848,0.15369251067322068,0.4343483997286671,"ENPP1, ENPP3",False
C5_core,KEGG,KEGG_TERPENOID_BACKBONE_BIOSYNTHESIS,Terpenoid backbone biosynthesis,2,14,742,0.0027,0.0009,2.848,0.15369251067322068,0.4343483997286671,"HMGCS2, ACAT1",False
C5_core,KEGG,KEGG_ALANINE_ASPARTATE_AND_GLUTAMATE_METABOLISM,Alanine aspartate and glutamate metabolism,3,28,742,0.004,0.0019,2.136,0.16357625095527764,0.45244494945076796,"AGXT2, GLUD1, ABAT",False
C5_core,KEGG,KEGG_OTHER_GLYCAN_DEGRADATION,Other glycan degradation,2,15,742,0.0027,0.001,2.658,0.17173655006848146,0.45562758181433854,"NEU3, NEU4",False
C5_core,KEGG,KEGG_PHENYLALANINE_METABOLISM,Phenylalanine metabolism,2,15,742,0.0027,0.001,2.658,0.17173655006848146,0.45562758181433854,"MAOB, MAOA",False
C5_core,KEGG,KEGG_PURINE_METABOLISM,Purine metabolism,10,145,742,0.0135,0.0098,1.375,0.19230589240037232,0.49999532024096804,"ADK, GUCY2C, ADPRM, ENTPD5, POLR3G, XDH, ENPP3, ADCY1, ENPP1, ADCY10",False
C5_core,KEGG,KEGG_OLFACTORY_TRANSDUCTION,Olfactory transduction,3,31,742,0.004,0.0021,1.929,0.20186578778633885,0.5145598512200794,"OR13C3, OR5AN1, OR10J5",False
C5_core,KEGG,KEGG_ARACHIDONIC_ACID_METABOLISM,Arachidonic acid metabolism,4,47,742,0.0054,0.0032,1.697,0.2086545680401411,0.5216364201003527,"CYP2C8, EPHX2, CYP4F3, CYP2E1",False
C5_core,KEGG,KEGG_PRION_DISEASES,Prion diseases,3,33,742,0.004,0.0022,1.813,0.22844177655433645,0.5603288858879951,"C6, C8B, NCAM2",False
C5_core,KEGG,KEGG_PROXIMAL_TUBULE_BICARBONATE_RECLAMATION,Proximal tubule bicarbonate reclamation,2,20,742,0.0027,0.0014,1.994,0.26532183498065864,0.6271243372270113,"PCK2, GLUD1",False
C5_core,KEGG,KEGG_GLYCOSPHINGOLIPID_BIOSYNTHESIS_LACTO_AND_NEOLACTO_SERIES,Glycosphingolipid biosynthesis lacto and neolacto series,2,20,742,0.0027,0.0014,1.994,0.26532183498065864,0.6271243372270113,"GCNT2, ST3GAL6",False
C5_core,KEGG,KEGG_CALCIUM_SIGNALING_PATHWAY,Calcium signaling pathway,9,142,742,0.0121,0.0096,1.264,0.2832885357427735,0.6576341008314385,"ADRA1A, ERBB3, DRD1, P2RX3, ITPR2, HTR2A, ADCY1, CACNA1H, AVPR1A",False
C5_core,KEGG,KEGG_SPHINGOLIPID_METABOLISM,Sphingolipid metabolism,3,38,742,0.004,0.0026,1.574,0.29709838300586633,0.6775928033467127,"NEU3, NEU4, SGMS1",False
C5_core,KEGG,KEGG_BIOSYNTHESIS_OF_UNSATURATED_FATTY_ACIDS,Biosynthesis of unsaturated fatty acids,2,22,742,0.0027,0.0015,1.813,0.30315086117134254,0.6794760681426643,"ACAA1, ACOX1",False
C5_core,KEGG,KEGG_LONG_TERM_POTENTIATION,Long term potentiation,4,57,742,0.0054,0.0039,1.399,0.320225075573142,0.6975560891012125,"PPP1R1A, ITPR2, ADCY1, RPS6KA6",False
C5_core,KEGG,KEGG_GLYCOSAMINOGLYCAN_BIOSYNTHESIS_HEPARAN_SULFATE,Glycosaminoglycan biosynthesis heparan sulfate,2,23,742,0.0027,0.0016,1.734,0.32194896420055963,0.6975560891012125,"NDST1, HS3ST3B1",False
C5_core,KEGG,KEGG_GAP_JUNCTION,Gap junction,5,76,742,0.0067,0.0051,1.312,0.333331730667895,0.7103790981446942,"DRD1, ITPR2, HTR2A, ADCY1, TUBB1",False
C5_core,KEGG,KEGG_CITRATE_CYCLE_TCA_CYCLE,Citrate cycle tca cycle,2,29,742,0.0027,0.002,1.375,0.43093345173513475,0.9035701407349599,"PCK2, IDH1",False
C5_core,KEGG,KEGG_ALPHA_LINOLENIC_ACID_METABOLISM,Alpha linolenic acid metabolism,1,14,742,0.0013,0.0009,1.424,0.5135992613641192,0.9998165907933203,ACOX1,False
C5_core,KEGG,KEGG_SNARE_INTERACTIONS_IN_VESICULAR_TRANSPORT,Snare interactions in vesicular transport,2,35,742,0.0027,0.0024,1.139,0.5299346164112445,0.9998165907933203,"GOSR1, STX17",False
C5_core,KEGG,KEGG_MATURITY_ONSET_DIABETES_OF_THE_YOUNG,Maturity onset diabetes of the young,1,15,742,0.0013,0.001,1.329,0.5380180264566649,0.9998165907933203,SLC2A2,False
C5_core,KEGG,KEGG_RENIN_ANGIOTENSIN_SYSTEM,Renin angiotensin system,1,15,742,0.0013,0.001,1.329,0.5380180264566649,0.9998165907933203,MME,False
C5_core,KEGG,KEGG_ALDOSTERONE_REGULATED_SODIUM_REABSORPTION,Aldosterone regulated sodium reabsorption,2,36,742,0.0027,0.0024,1.108,0.5452617806672081,0.9998165907933203,"NR3C2, HSD11B1",False
C5_core,KEGG,KEGG_VASCULAR_SMOOTH_MUSCLE_CONTRACTION,Vascular smooth muscle contraction,5,98,742,0.0067,0.0066,1.017,0.5492458124948499,0.9998165907933203,"ADRA1A, ITPR2, ADCY1, KCNMA1, AVPR1A",False
C5_core,KEGG,KEGG_ECM_RECEPTOR_INTERACTION,Ecm receptor interaction,4,80,742,0.0054,0.0054,0.997,0.5745617422907717,0.9998165907933203,"COL11A2, COL6A6, RELN, SDC2",False
C5_core,KEGG,KEGG_GLYCOSAMINOGLYCAN_DEGRADATION,Glycosaminoglycan degradation,1,19,742,0.0013,0.0013,1.049,0.6240477301229256,0.9998165907933203,HS3ST3B1,False
C5_core,KEGG,KEGG_SYSTEMIC_LUPUS_ERYTHEMATOSUS,Systemic lupus erythematosus,3,64,742,0.004,0.0043,0.935,0.6291831427440318,0.9998165907933203,"C6, C1S, C8B",False
C5_core,KEGG,KEGG_AMINO_SUGAR_AND_NUCLEOTIDE_SUGAR_METABOLISM,Amino sugar and nucleotide sugar metabolism,2,42,742,0.0027,0.0028,0.949,0.6297475561678321,0.9998165907933203,"GNE, PGM1",False
C5_core,KEGG,KEGG_PHOSPHATIDYLINOSITOL_SIGNALING_SYSTEM,Phosphatidylinositol signaling system,3,68,742,0.004,0.0046,0.88,0.6698797384227388,0.9998165907933203,"IMPA1, ITPR2, PIK3C2G",False
C5_core,KEGG,KEGG_DORSO_VENTRAL_AXIS_FORMATION,Dorso ventral axis formation,1,23,742,0.0013,0.0016,0.867,0.6940746066289507,0.9998165907933203,PIWIL2,False
C5_core,KEGG,KEGG_CYTOKINE_CYTOKINE_RECEPTOR_INTERACTION,Cytokine cytokine receptor interaction,8,182,742,0.0108,0.0123,0.876,0.6986474929157891,0.9998165907933203,"IL1RAP, IL6R, AMHR2, PRLR, GHR, ACVR2B, EDA, TNFSF10",False
C5_core,KEGG,KEGG_GALACTOSE_METABOLISM,Galactose metabolism,1,24,742,0.0013,0.0016,0.831,0.7094423299978031,0.9998165907933203,PGM1,False
C5_core,KEGG,KEGG_SELENOAMINO_ACID_METABOLISM,Selenoamino acid metabolism,1,24,742,0.0013,0.0016,0.831,0.7094423299978031,0.9998165907933203,MAT1A,False
C5_core,KEGG,KEGG_OOCYTE_MEIOSIS,Oocyte meiosis,4,99,742,0.0054,0.0067,0.806,0.7381970041426238,0.9998165907933203,"ITPR2, AR, ADCY1, RPS6KA6",False
C5_core,KEGG,KEGG_INOSITOL_PHOSPHATE_METABOLISM,Inositol phosphate metabolism,2,52,742,0.0027,0.0035,0.767,0.7426205612629917,0.9998165907933203,"IMPA1, PIK3C2G",False
C5_core,KEGG,KEGG_TGF_BETA_SIGNALING_PATHWAY,Tgf beta signaling pathway,3,77,742,0.004,0.0052,0.777,0.7492058913343717,0.9998165907933203,"ACVR2B, ACVR1C, AMHR2",False
C5_core,KEGG,KEGG_RNA_POLYMERASE,Rna polymerase,1,27,742,0.0013,0.0018,0.738,0.7510721641061275,0.9998165907933203,POLR3G,False
C5_core,KEGG,KEGG_INSULIN_SIGNALING_PATHWAY,Insulin signaling pathway,5,125,742,0.0067,0.0084,0.798,0.7576581530864241,0.9998165907933203,"PRKAG2, PTPRF, GYS2, ACACB, PCK2",False
C5_core,KEGG,KEGG_UBIQUITIN_MEDIATED_PROTEOLYSIS,Ubiquitin mediated proteolysis,5,128,742,0.0067,0.0087,0.779,0.7755906306986654,0.9998165907933203,"NEDD4, SKP2, WWP1, ITCH, UBE2D4",False
C5_core,KEGG,KEGG_PRIMARY_IMMUNODEFICIENCY,Primary immunodeficiency,1,30,742,0.0013,0.002,0.665,0.786744333264727,0.9998165907933203,RAG1,False
C5_core,KEGG,KEGG_MELANOGENESIS,Melanogenesis,3,84,742,0.004,0.0057,0.712,0.7997311602252031,0.9998165907933203,"ADCY1, CREB3L4, DCT",False
C5_core,KEGG,KEGG_AUTOIMMUNE_THYROID_DISEASE,Autoimmune thyroid disease,1,32,742,0.0013,0.0022,0.623,0.8076417239966374,0.9998165907933203,TSHR,False
C5_core,KEGG,KEGG_TIGHT_JUNCTION,Tight junction,4,112,742,0.0054,0.0076,0.712,0.8194884412439178,0.9998165907933203,"PALS1, CTNNA3, MPDZ, CGN",False
C5_core,KEGG,KEGG_ARRHYTHMOGENIC_RIGHT_VENTRICULAR_CARDIOMYOPATHY_ARVC,Arrhythmogenic right ventricular cardiomyopathy arvc,2,63,742,0.0027,0.0043,0.633,0.8314605785044684,0.9998165907933203,"PKP2, CTNNA3",False
C5_core,KEGG,KEGG_CYTOSOLIC_DNA_SENSING_PATHWAY,Cytosolic dna sensing pathway,1,35,742,0.0013,0.0024,0.57,0.8352161511666707,0.9998165907933203,POLR3G,False
C5_core,KEGG,KEGG_CELL_ADHESION_MOLECULES_CAMS,Cell adhesion molecules cams,4,118,742,0.0054,0.008,0.676,0.8493380223089548,0.9998165907933203,"ICAM3, SDC2, PTPRF, NCAM2",False
C5_core,KEGG,KEGG_ENDOCYTOSIS,Endocytosis,6,169,742,0.0081,0.0114,0.708,0.8568343458114104,0.9998165907933203,"NEDD4, ERBB3, EHD3, RBSN, ITCH, WWP1",False
C5_core,KEGG,KEGG_AMINOACYL_TRNA_BIOSYNTHESIS,Aminoacyl trna biosynthesis,1,39,742,0.0013,0.0026,0.511,0.8659404191407292,0.9998165907933203,SEPSECS,False
C5_core,KEGG,KEGG_ADHERENS_JUNCTION,Adherens junction,2,70,742,0.0027,0.0047,0.57,0.8725447092619945,0.9998165907933203,"CTNNA3, PTPRF",False
C5_core,KEGG,KEGG_VASOPRESSIN_REGULATED_WATER_REABSORPTION,Vasopressin regulated water reabsorption,1,40,742,0.0013,0.0027,0.498,0.8726820124309751,0.9998165907933203,CREB3L4,False
C5_core,KEGG,KEGG_TYPE_II_DIABETES_MELLITUS,Type ii diabetes mellitus,1,41,742,0.0013,0.0028,0.486,0.879085018176957,0.9998165907933203,SLC2A2,False
C5_core,KEGG,KEGG_HEMATOPOIETIC_CELL_LINEAGE,Hematopoietic cell lineage,2,72,742,0.0027,0.0049,0.554,0.8824668021183958,0.9998165907933203,"MME, IL6R",False
C5_core,KEGG,KEGG_NOTCH_SIGNALING_PATHWAY,Notch signaling pathway,1,42,742,0.0013,0.0028,0.475,0.8851664196893746,0.9998165907933203,NUMB,False
C5_core,KEGG,KEGG_AMYOTROPHIC_LATERAL_SCLEROSIS_ALS,Amyotrophic lateral sclerosis als,1,44,742,0.0013,0.003,0.453,0.8964281319346772,0.9998165907933203,CAT,False
C5_core,KEGG,KEGG_JAK_STAT_SIGNALING_PATHWAY,Jak stat signaling pathway,3,104,742,0.004,0.007,0.575,0.8992380927179664,0.9998165907933203,"PRLR, GHR, IL6R",False
C5_core,KEGG,KEGG_PATHOGENIC_ESCHERICHIA_COLI_INFECTION,Pathogenic escherichia coli infection,1,45,742,0.0013,0.003,0.443,0.9016383235349802,0.9998165907933203,TUBB1,False
C5_core,KEGG,KEGG_VIBRIO_CHOLERAE_INFECTION,Vibrio cholerae infection,1,45,742,0.0013,0.003,0.443,0.9016383235349802,0.9998165907933203,SEC61A2,False
C5_core,KEGG,KEGG_APOPTOSIS,Apoptosis,2,78,742,0.0027,0.0053,0.511,0.9081019424027675,0.9998165907933203,"IL1RAP, TNFSF10",False
C5_core,KEGG,KEGG_PROGESTERONE_MEDIATED_OOCYTE_MATURATION,Progesterone mediated oocyte maturation,2,79,742,0.0027,0.0053,0.505,0.9118292947783053,0.9998165907933203,"ADCY1, RPS6KA6",False
C5_core,KEGG,KEGG_MTOR_SIGNALING_PATHWAY,Mtor signaling pathway,1,49,742,0.0013,0.0033,0.407,0.9199895388110637,0.9998165907933203,RPS6KA6,False
C5_core,KEGG,KEGG_PROSTATE_CANCER,Prostate cancer,2,82,742,0.0027,0.0055,0.486,0.9221782568188941,0.9998165907933203,"CREB3L4, AR",False
C5_core,KEGG,KEGG_ENDOMETRIAL_CANCER,Endometrial cancer,1,50,742,0.0013,0.0034,0.399,0.9240158366884589,0.9998165907933203,CTNNA3,False
C5_core,KEGG,KEGG_GNRH_SIGNALING_PATHWAY,Gnrh signaling pathway,2,84,742,0.0027,0.0057,0.475,0.9284302132430047,0.9998165907933203,"ITPR2, ADCY1",False
C5_core,KEGG,KEGG_RNA_DEGRADATION,Rna degradation,1,53,742,0.0013,0.0036,0.376,0.9349207325659086,0.9998165907933203,PATL1,False
C5_core,KEGG,KEGG_LONG_TERM_DEPRESSION,Long term depression,1,57,742,0.0013,0.0039,0.35,0.947068578905428,0.9998165907933203,ITPR2,False
C5_core,KEGG,KEGG_LEUKOCYTE_TRANSENDOTHELIAL_MIGRATION,Leukocyte transendothelial migration,2,94,742,0.0027,0.0064,0.424,0.9531790761709866,0.9998165907933203,"CTNNA3, ARHGAP35",False
C5_core,KEGG,KEGG_FOCAL_ADHESION,Focal adhesion,5,185,742,0.0067,0.0125,0.539,0.9584549868481801,0.9998165907933203,"COL6A6, RELN, ARHGAP35, COL11A2, DIAPH1",False
C5_core,KEGG,KEGG_WNT_SIGNALING_PATHWAY,Wnt signaling pathway,3,129,742,0.004,0.0087,0.464,0.9602212053864828,0.9998165907933203,"LRP6, TBL1X, SENP2",False
C5_core,KEGG,KEGG_P53_SIGNALING_PATHWAY,P53 signaling pathway,1,65,742,0.0013,0.0044,0.307,0.9649909485129536,0.9998165907933203,EI24,False
C5_core,KEGG,KEGG_RENAL_CELL_CARCINOMA,Renal cell carcinoma,1,66,742,0.0013,0.0045,0.302,0.9667545927660183,0.9998165907933203,ARNT,False
C5_core,KEGG,KEGG_HYPERTROPHIC_CARDIOMYOPATHY_HCM,Hypertrophic cardiomyopathy hcm,1,68,742,0.0013,0.0046,0.293,0.970020140760377,0.9998165907933203,PRKAG2,False
C5_core,KEGG,KEGG_DILATED_CARDIOMYOPATHY,Dilated cardiomyopathy,1,73,742,0.0013,0.0049,0.273,0.9768502111885966,0.9998165907933203,ADCY1,False
C5_core,KEGG,KEGG_REGULATION_OF_ACTIN_CYTOSKELETON,Regulation of actin cytoskeleton,4,181,742,0.0054,0.0122,0.441,0.9825374183729008,0.9998165907933203,"IQGAP2, ARHGAP35, DIAPH1, PFN2",False
C5_core,KEGG,KEGG_SMALL_CELL_LUNG_CANCER,Small cell lung cancer,1,82,742,0.0013,0.0055,0.243,0.9854675188934943,0.9998165907933203,SKP2,False
C5_core,KEGG,KEGG_ERBB_SIGNALING_PATHWAY,Erbb signaling pathway,1,82,742,0.0013,0.0055,0.243,0.9854675188934943,0.9998165907933203,ERBB3,False
C5_core,KEGG,KEGG_CELL_CYCLE,Cell cycle,2,121,742,0.0027,0.0082,0.33,0.9856628546712206,0.9998165907933203,"SKP2, CDC14B",False
C5_core,KEGG,KEGG_ALZHEIMERS_DISEASE,Alzheimers disease,2,135,742,0.0027,0.0091,0.295,0.9923678728034421,0.9998165907933203,"ITPR2, MME",False
C5_core,KEGG,KEGG_T_CELL_RECEPTOR_SIGNALING_PATHWAY,T cell receptor signaling pathway,1,97,742,0.0013,0.0066,0.206,0.9933158625190885,0.9998165907933203,TEC,False
C5_core,KEGG,KEGG_NATURAL_KILLER_CELL_MEDIATED_CYTOTOXICITY,Natural killer cell mediated cytotoxicity,1,99,742,0.0013,0.0067,0.201,0.993973764549097,0.9998165907933203,TNFSF10,False
C5_core,KEGG,KEGG_HUNTINGTONS_DISEASE,Huntingtons disease,2,148,742,0.0027,0.01,0.269,0.9957843137013147,0.9998165907933203,"HAP1, CREB3L4",False
C5_core,KEGG,KEGG_MAPK_SIGNALING_PATHWAY,Mapk signaling pathway,4,227,742,0.0054,0.0153,0.351,0.9970474299532515,0.9998165907933203,"STK3, RPS6KA6, PPM1B, CACNA1H",False
C5_core,KEGG,KEGG_LYSOSOME,Lysosome,1,115,742,0.0013,0.0078,0.173,0.9973707890946079,0.9998165907933203,MFSD8,False
C5_core,KEGG,KEGG_AXON_GUIDANCE,Axon guidance,1,117,742,0.0013,0.0079,0.17,0.9976298845089826,0.9998165907933203,NTN4,False
C5_core,KEGG,KEGG_NEUROTROPHIN_SIGNALING_PATHWAY,Neurotrophin signaling pathway,1,118,742,0.0013,0.008,0.169,0.9977497063863645,0.9998165907933203,RPS6KA6,False
C5_core,KEGG,KEGG_CHEMOKINE_SIGNALING_PATHWAY,Chemokine signaling pathway,1,155,742,0.0013,0.0105,0.129,0.999670763693082,0.9998165907933203,ADCY1,False
C5_core,KEGG,KEGG_PATHWAYS_IN_CANCER,Pathways in cancer,4,294,742,0.0054,0.0199,0.271,0.9998165907933203,0.9998165907933203,"SKP2, ARNT, CTNNA3, AR",False
